READ SERR 1 2
@../../qpo_paper/data/eeuf_gamma0_sample_all.pco
!
0.317024469 1.83794945E-2 7.15072558E-4 1.42331091E-5 0.100166716
0.351088494 1.56845152E-2 9.66183259E-4 1.89809107E-5 0.123017125
0.382389516 1.56165063E-2 1.10982114E-3 2.15225755E-5 0.14597787
0.413554013 1.55479908E-2 1.34611654E-3 2.5078567E-5 0.170785189
0.442004979 1.290299E-2 1.65002502E-3 3.17606609E-5 0.195201933
0.4677625 1.28545165E-2 1.79177616E-3 3.4501958E-5 0.218636513
0.493422508 1.28054768E-2 1.97905605E-3 3.79325793E-5 0.243301779
0.521530986 1.53030157E-2 1.94503972E-3 3.60130907E-5 0.271760374
0.552069008 1.52350068E-2 1.97906164E-3 3.81493883E-5 0.304548085
0.582472026 1.51680112E-2 2.16625794E-3 4.1217987E-5 0.339043587
0.612743497 1.51034594E-2 2.20895E-3 4.26057632E-5 0.375226468
0.642889023 1.50420368E-2 2.42603384E-3 4.5781635E-5 0.413080007
0.672914505 1.4983505E-2 2.44627637E-3 4.70871455E-5 0.452589452
0.702825546 1.49274766E-2 2.61695543E-3 4.99941816E-5 0.493740886
0.732627988 1.48749948E-2 2.79450603E-3 5.31338919E-5 0.536522508
0.762329996 1.4827013E-2 2.8131057E-3 5.46671181E-5 0.580927193
0.791938484 1.47814751E-2 2.86355452E-3 5.66181297E-5 0.626948059
0.821460962 1.47410333E-2 3.14451312E-3 6.10492352E-5 0.674580872
0.8533535 1.7151475E-2 2.90043675E-3 5.57365092E-5 0.727918029
0.887611985 1.71070099E-2 2.98175914E-3 5.82646935E-5 0.78756237
0.924224019 1.95049942E-2 2.9544346E-3 5.60843073E-5 0.853809536
0.963193536 1.94645226E-2 2.95872404E-3 5.80139313E-5 0.927362859
1.00451899 2.18610168E-2 2.99164001E-3 5.68520736E-5 1.00858057
1.0506351 2.42549777E-2 2.85262312E-3 5.45163784E-5 1.10324574
1.09913003 2.42400169E-2 2.77752685E-3 5.57840613E-5 1.20749927
1.14759994 2.42299438E-2 2.67159566E-3 5.64100083E-5 1.31639862
1.19606996 2.42400765E-2 2.57100095E-3 5.71615528E-5 1.42999589
1.24456501 2.42549181E-2 2.50864751E-3 5.84184309E-5 1.54835379
1.29309988 2.42800117E-2 2.46749585E-3 5.96528953E-5 1.67151797
1.34169996 2.43200064E-2 2.36167503E-3 6.03370027E-5 1.79956734
1.3903749 2.43549943E-2 2.37709493E-3 6.24243985E-5 1.93254936
1.43913507 2.44050622E-2 2.23793788E-3 6.29531642E-5 2.07051396
1.48798513 2.44449973E-2 2.25400436E-3 6.47660709E-5 2.21350193
1.53693008 2.45000124E-2 2.27259402E-3 6.73005125E-5 2.36155391
1.58597505 2.45449543E-2 2.21250905E-3 6.82791142E-5 2.51471448
1.6351099 2.45899558E-2 2.13230262E-3 6.88198779E-5 2.67297983
1.68434 2.46400237E-2 2.04793992E-3 6.95068593E-5 2.83639383
1.73366499 2.46850252E-2 2.08647014E-3 7.16066206E-5 3.00498486
1.78307009 2.47200131E-2 2.0589428E-3 7.36185902E-5 3.17872763
1.83255506 2.4764955E-2 2.10218341E-3 7.80140617E-5 3.35764456
1.88211501 2.47950554E-2 1.95715902E-3 7.99589325E-5 3.54174209
1.93173504 2.48249769E-2 2.02073576E-3 8.42675872E-5 3.73098397
1.98141503 2.48549581E-2 1.89273874E-3 8.39689601E-5 3.92538762
2.0311451 2.48750448E-2 1.94365333E-3 8.68359712E-5 4.12493134
2.08092022 2.49000788E-2 1.99064543E-3 9.03904656E-5 4.32960844
2.13073492 2.49148607E-2 1.8201872E-3 8.9671601E-5 4.53941107
2.18058491 2.49350071E-2 1.96224428E-3 9.9165205E-5 4.75432873
2.23046494 2.49450207E-2 1.98287005E-3 1.05984262E-4 4.97435141
2.29034996 3.49400043E-2 1.66589452E-3 9.10063391E-5 5.24448204
2.36773491 4.24449444E-2 1.82687573E-3 9.41740727E-5 5.60436726
2.45265007 4.24700975E-2 1.85281294E-3 9.78614189E-5 6.01368809
2.54009509 4.49750423E-2 1.8097657E-3 9.6240954E-5 6.45006037
2.63255501 4.74849939E-2 1.7414561E-3 9.36011565E-5 6.92809153
2.72753 4.74900007E-2 1.58082612E-3 9.35703429E-5 7.43716526
2.82501507 4.99949455E-2 1.75172882E-3 1.00051591E-4 7.97821045
2.92751002 5.25000095E-2 1.72829663E-3 9.86117884E-5 8.56755829
3.03250504 5.24950027E-2 1.69448659E-3 1.00674239E-4 9.19333076
3.14499998 5.99999428E-2 1.60882424E-3 9.63226485E-5 9.88742447
3.26999998 6.50000572E-2 1.68746954E-3 9.76859737E-5 10.6886749
3.40499997 6.99999332E-2 1.57112512E-3 9.38611338E-5 11.5891247
3.54999995 7.50000477E-2 1.6436188E-3 9.66351581E-5 12.5968742
3.71000004 8.50000381E-2 1.50122785E-3 9.01508902E-5 13.756875
3.88999987 9.49999094E-2 1.49858266E-3 8.93294637E-5 15.1230745
4.07499981 9.00000334E-2 1.64498435E-3 1.00238452E-4 16.5975246
4.26499987 9.99999046E-2 1.59849785E-3 9.79521865E-5 18.1802235
4.47999954 0.11500001 1.53827446E-3 9.40855753E-5 20.0571728
4.7249999 0.130000114 1.43355969E-3 9.35172575E-5 22.3087234
5.00250006 0.147500038 1.43820967E-3 9.13106705E-5 25.0032501
5.3125 0.162499905 1.39681809E-3 9.35895659E-5 28.1962509
5.67749977 0.202500105 1.31528673E-3 8.77378334E-5 32.1930008
6.13000011 0.25 1.30084367E-3 8.50124052E-5 37.5144005
6.70499992 0.325000048 1.2501179E-3 8.68717834E-5 44.8514023
7.58750057 0.557500124 1.09231367E-3 8.25044626E-5 57.2593536
9.06750011 0.922499657 1.41096616E-3 1.13843962E-4 81.3685532
10.2075005 0.21750021 1.25269627E-3 3.01435648E-4 104.145752
NO NO NO NO NO
0.309163004 5.25701046E-3 2.64573423E-3 5.14736639E-5 9.55541283E-2
0.319669515 5.24950027E-3 2.85103847E-3 5.42814887E-5 0.102161042
0.330161512 5.24248183E-3 3.07293143E-3 5.76265193E-5 0.108979128
0.340639472 5.23550808E-3 3.27306008E-3 6.04733614E-5 0.11600785
0.351103008 5.2279979E-3 3.58702382E-3 6.47774214E-5 0.123245977
0.361552 5.22100925E-3 3.79960216E-3 6.76598429E-5 0.130692586
0.371986002 5.21299243E-3 4.09412617E-3 7.17444273E-5 0.138346404
0.382404506 5.20549715E-3 4.17528767E-3 7.38501403E-5 0.146206096
0.39280802 5.19801676E-3 4.34262259E-3 7.66531448E-5 0.154271111
0.403196514 5.19049168E-3 4.72568115E-3 8.13244842E-5 0.16254048
0.41356951 5.18250465E-3 5.06255729E-3 8.5538064E-5 0.171012878
0.423927009 5.17499447E-3 5.32064075E-3 8.9317371E-5 0.179687321
0.434269011 5.16700745E-3 5.53217484E-3 9.25155546E-5 0.18856287
0.444595516 5.15949726E-3 5.77018224E-3 9.61491751E-5 0.197638556
0.454906523 5.15149534E-3 5.84447989E-3 9.82192578E-5 0.206913397
0.465201497 5.14349341E-3 6.0483017E-3 1.01763006E-4 0.216385975
0.475481004 5.13601303E-3 6.1250492E-3 1.04349645E-4 0.226055801
0.485745013 5.12798131E-3 6.07725047E-3 1.05411178E-4 0.235921904
0.495993495 5.12051582E-3 6.17320882E-3 1.08307671E-4 0.245983332
0.50622654 5.112499E-3 6.07855991E-3 1.09553737E-4 0.256239146
0.516443491 5.10448217E-3 6.16232026E-3 1.12253794E-4 0.26668781
0.526645482 5.09750843E-3 6.06183568E-3 1.13218113E-4 0.277329475
0.536832452 5.08949161E-3 5.76747628E-3 1.11952897E-4 0.288163215
0.54954195 7.6200068E-3 5.44551434E-3 9.08809525E-5 0.301938325
0.564765513 7.60352612E-3 5.44401864E-3 9.23034095E-5 0.318902284
0.579955518 7.58647919E-3 5.50993951E-3 9.42503539E-5 0.336290836
0.595112503 7.57050514E-3 5.40070841E-3 9.45508073E-5 0.354101568
0.610237479 7.5545013E-3 5.31408377E-3 9.49449823E-5 0.372332752
0.625331044 7.53900409E-3 5.28982002E-3 9.57870288E-5 0.390982032
0.640393496 7.52347708E-3 4.97933198E-3 9.40874015E-5 0.410047233
0.655425489 7.50851631E-3 4.67626052E-3 9.23916086E-5 0.42952618
0.672922492 9.98851657E-3 4.59134672E-3 8.04043448E-5 0.452724963
0.692875028 9.96398926E-3 4.30124858E-3 7.92365026E-5 0.479976535
0.712778509 9.93949175E-3 3.99470562E-3 7.77812093E-5 0.507954419
0.735110521 1.23924911E-2 3.89746274E-3 7.00142919E-5 0.54023385
0.759862006 1.23590231E-2 3.72863142E-3 7.02454199E-5 0.577237546
0.787010014 1.47889853E-2 3.39392084E-3 6.25431712E-5 0.619166076
0.8165465 1.47475004E-2 3.20901605E-3 6.25185567E-5 0.666530669
0.848451972 1.71580017E-2 3.07403575E-3 5.83059336E-5 0.719576418
0.885164499 1.95544958E-2 2.67323572E-3 5.27162883E-5 0.783133805
0.926658988 2.19399929E-2 2.50768103E-3 4.9729897E-5 0.858215511
0.972918987 2.43200064E-2 2.29616207E-3 4.69107836E-5 0.945979893
1.02151453 2.42755413E-2 2.06285319E-3 4.63276883E-5 1.04290259
1.07003498 2.42449641E-2 1.62127393E-3 4.25055805E-5 1.14438713
1.11851501 2.42350101E-2 1.28136424E-3 3.92129332E-5 1.25048852
1.16698503 2.42349505E-2 7.79392372E-4 3.15854595E-5 1.36126661
1.21546495 2.42450237E-2 5.56805171E-4 2.76367082E-5 1.47676718
1.2785449 3.88349891E-2 3.02668981E-4 1.68166935E-5 1.63316905
1.39289999 7.55200386E-2 1.50687541E-4 9.5829364E-6 1.93446708
1.60597503 0.137555003 9.05953566E-5 7.00096598E-6 2.56023431
2.17929506 0.435765028 4.40661461E-5 4.37093922E-6 4.55943584
NO NO NO NO NO
0.309163004 5.25701046E-3 8.81021656E-3 1.47764047E-4 9.55541283E-2
0.319669515 5.24950027E-3 9.87167377E-3 1.60207579E-4 0.102161042
0.330161512 5.24248183E-3 1.08200265E-2 1.71082662E-4 0.108979128
0.340639472 5.23550808E-3 1.17144594E-2 1.81756099E-4 0.11600785
0.351103008 5.2279979E-3 1.26453349E-2 1.92417239E-4 0.123245977
0.361552 5.22100925E-3 1.35774873E-2 2.02923577E-4 0.130692586
0.371986002 5.21299243E-3 1.43581377E-2 2.12528583E-4 0.138346404
0.382404506 5.20549715E-3 1.54873924E-2 2.24772113E-4 0.146206096
0.390209973 2.59999931E-3 1.68773904E-2 3.36205441E-4 0.15225707
0.398004502 5.19451499E-3 1.71888601E-2 2.43703893E-4 0.158380598
0.408385515 5.18648326E-3 1.80011224E-2 2.54417508E-4 0.166751817
0.416162014 2.59001553E-3 1.87564902E-2 3.70418245E-4 0.173184097
0.421340495 2.58848071E-3 1.93034876E-2 3.79951816E-4 0.17752111
0.42651549 2.58651376E-3 1.96913201E-2 3.86250176E-4 0.181908771
0.431686521 2.5845021E-3 2.05283631E-2 3.9813164E-4 0.186346561
0.436853528 2.58250535E-3 2.17708405E-2 4.13125003E-4 0.190834329
0.442016482 2.58047879E-3 2.0903632E-2 4.08608292E-4 0.195371926
0.44717598 2.57901847E-3 2.19534189E-2 4.21707402E-4 0.199959725
0.452331483 2.57648528E-3 2.26498656E-2 4.31715889E-4 0.204597145
0.457482994 2.57501006E-3 2.35404558E-2 4.44812875E-4 0.209284052
0.46263051 2.57250667E-3 2.35101581E-2 4.47220751E-4 0.214020371
0.467774004 2.57098675E-3 2.35496946E-2 4.51005239E-4 0.218805909
0.47291398 2.56900489E-3 2.43966077E-2 4.64363344E-4 0.223641053
0.478049994 2.56700814E-3 2.4654327E-2 4.69921739E-4 0.228525221
0.483182013 2.56499648E-3 2.57824585E-2 4.84777818E-4 0.233458281
0.488309979 2.56298482E-3 2.41985172E-2 4.75098466E-4 0.238440081
0.493433982 2.56100297E-3 2.51690708E-2 4.88226418E-4 0.243470535
0.498554498 2.55951285E-3 2.63352264E-2 5.03425603E-4 0.248550043
0.50367099 2.55697966E-3 2.53579505E-2 5.0026807E-4 0.253677934
0.50878346 2.55551934E-3 2.60998271E-2 5.09321049E-4 0.258854121
0.513891995 2.55298615E-3 2.62674354E-2 5.17277862E-4 0.264078468
0.521546006 5.1009953E-3 2.57389471E-2 3.66481749E-4 0.27198419
0.531740487 5.09351492E-3 2.54195537E-2 3.70500406E-4 0.282721996
0.541920006 5.08600473E-3 2.53565498E-2 3.76228505E-4 0.293651432
0.552083969 5.07798791E-3 2.61698831E-2 3.87153617E-4 0.304770947
0.562232971 5.07101417E-3 2.5574103E-2 3.87083506E-4 0.316080242
0.572367013 5.06299734E-3 2.52444595E-2 3.8860456E-4 0.327578366
0.582486033 5.0559938E-3 2.48570405E-2 3.90712201E-4 0.339264393
0.592591047 5.04902005E-3 2.63628941E-2 4.04788298E-4 0.351138622
0.602681518 5.04148006E-3 2.72390656E-2 4.14642622E-4 0.363199592
0.612757504 5.03450632E-3 2.7165303E-2 4.17455827E-4 0.375446409
0.622819483 5.02747297E-3 2.71212924E-2 4.22044075E-4 0.387878835
0.632867932 5.02100587E-3 2.74993349E-2 4.27810301E-4 0.400496662
0.64290297 5.01400232E-3 2.87407842E-2 4.40414937E-4 0.413299084
0.652924001 5.00702858E-3 2.83761583E-2 4.41352458E-4 0.426284671
0.662932038 5.00097871E-3 2.75673606E-2 4.38538002E-4 0.43945384
0.672927499 4.9945116E-3 2.8920643E-2 4.53781511E-4 0.452806473
0.682910025 4.9880147E-3 2.85848994E-2 4.5438009E-4 0.466341227
0.692879558 4.98148799E-3 2.90298667E-2 4.6321933E-4 0.48005724
0.70283699 4.97597456E-3 2.87778117E-2 4.64268931E-4 0.493955076
0.712782979 4.9700141E-3 2.81799641E-2 4.62774275E-4 0.508034885
0.722717047 4.96402383E-3 2.88031902E-2 4.72998916E-4 0.522295237
0.732639551 4.9584806E-3 2.84632705E-2 4.74994129E-4 0.536736071
0.742550492 4.95249033E-3 2.82170214E-2 4.7653736E-4 0.551356733
0.752450466 4.94751334E-3 2.82535385E-2 4.82010364E-4 0.566157281
0.762340546 4.94250655E-3 2.8450124E-2 4.87260957E-4 0.581138611
0.772220016 4.93699312E-3 2.78096125E-2 4.87622339E-4 0.59629935
0.782088995 4.93198633E-3 2.89341509E-2 5.00233378E-4 0.611638844
0.791947961 4.92700934E-3 2.81023569E-2 4.97206056E-4 0.627157331
0.801797509 4.92247939E-3 2.87744515E-2 5.08761907E-4 0.642854989
0.811638474 4.91851568E-3 2.76783034E-2 5.03060524E-4 0.658732831
0.821470499 4.91347909E-3 2.78298762E-2 5.08266152E-4 0.674789608
0.831292987 4.90903854E-3 2.73945648E-2 5.09525475E-4 0.691023946
0.841107488 4.90549207E-3 2.78288089E-2 5.20037662E-4 0.707437813
0.850914001 4.90099192E-3 2.79341154E-2 5.24289848E-4 0.724030614
0.860712528 4.89750504E-3 2.72759479E-2 5.23058057E-4 0.74080199
0.870504022 4.89401817E-3 2.81997062E-2 5.35833999E-4 0.757753313
0.880288005 4.88996506E-3 2.62917243E-2 5.24896255E-4 0.774883032
0.892506957 7.32901692E-3 2.62832306E-2 4.32363682E-4 0.796514988
0.907158017 7.32198358E-3 2.62459796E-2 4.3739035E-4 0.822881997
0.921795487 7.31551647E-3 2.55130567E-2 4.36267524E-4 0.849653423
0.936419964 7.30898976E-3 2.64187288E-2 4.49431624E-4 0.876828969
0.951032519 7.30350614E-3 2.57964823E-2 4.49681946E-4 0.904409468
0.965633988 7.29799271E-3 2.50888858E-2 4.49977844E-4 0.932395756
0.980225444 7.29349256E-3 2.50702314E-2 4.54005349E-4 0.960788786
0.994809508 7.29051232E-3 2.45038234E-2 4.55940113E-4 0.989592731
1.00938499 7.28499889E-3 2.42359303E-2 4.57057817E-4 1.01880503
1.02394998 7.2799921E-3 2.3466846E-2 4.56069014E-4 1.04842055
1.03851008 7.28005171E-3 2.4009103E-2 4.67536622E-4 1.07845008
1.05306506 7.27492571E-3 2.33510192E-2 4.643024E-4 1.10889292
1.07003999 9.70005989E-3 2.26638336E-2 4.01083031E-4 1.1448915
1.0894351 9.6949935E-3 2.26040576E-2 4.05506697E-4 1.18677473
1.10882497 9.6949935E-3 2.13567968E-2 4.00706922E-4 1.22939897
1.12821007 9.68998671E-3 2.0772947E-2 4.0065698E-4 1.27276397
1.14759493 9.6949935E-3 2.05584988E-2 4.0413902E-4 1.31688023
1.16940498 1.21150017E-2 1.96866598E-2 3.5956793E-4 1.36736119
1.19363999 1.21200085E-2 1.78201459E-2 3.48856847E-4 1.42462957
1.22030497 1.45449638E-2 1.67924613E-2 3.13114811E-4 1.48893261
1.24940491 1.4555037E-2 1.57973152E-2 3.09622672E-4 1.56080091
1.28095496 1.69949532E-2 1.40496744E-2 2.76780222E-4 1.64055681
1.31738997 1.94399953E-2 1.29774837E-2 2.56064726E-4 1.7351383
1.36115992 2.433002E-2 1.11094732E-2 2.17302819E-4 1.85216439
1.4098649 2.43750215E-2 9.75928735E-3 2.10632206E-4 1.98712504
1.45865989 2.44199634E-2 8.49585608E-3 2.04455631E-4 2.1270926
1.50755 2.44700313E-2 7.5441408E-3 1.99629081E-4 2.27210808
1.55653501 2.45150328E-2 7.17901392E-3 2.03675707E-4 2.4222002
1.60561502 2.45649815E-2 6.58770604E-3 2.00321723E-4 2.57739615
1.65478992 2.4609983E-2 5.85564692E-3 1.94206834E-4 2.7377243
1.70405996 2.46599913E-2 5.9798588E-3 2.02327894E-4 2.90321231
1.75341499 2.46950388E-2 5.39304595E-3 1.98024558E-4 3.07385421
1.80285001 2.47399807E-2 5.10088261E-3 2.02315423E-4 3.2496562
1.85236502 2.47750282E-2 5.03268093E-3 2.10633632E-4 3.43064237
1.90195 2.48099566E-2 5.07453224E-3 2.24807824E-4 3.61679816
1.95159996 2.48399973E-2 4.73812129E-3 2.24242292E-4 3.80812526
2.00129986 2.48600245E-2 4.36843187E-3 2.28040532E-4 4.00458336
2.05104995 2.4889946E-2 3.83130857E-3 2.15351611E-4 4.20618629
2.10084486 2.49050856E-2 4.09779465E-3 2.35631655E-4 4.41292953
2.15067005 2.49199867E-2 3.87681671E-3 2.34792649E-4 4.62476063
2.20801497 3.24249268E-2 3.34015582E-3 2.17344539E-4 4.87427855
2.28036499 3.99250984E-2 3.34248482E-3 2.19833135E-4 5.19847059
2.37022996 4.99398708E-2 3.00075277E-3 2.14086365E-4 5.61549616
2.47263479 5.24650812E-2 2.77633732E-3 2.14847052E-4 6.11117077
2.58757496 6.24750853E-2 2.42343359E-3 1.9378525E-4 6.69164181
2.70753527 5.74849844E-2 2.5440834E-3 2.20544491E-4 7.32744217
2.83751512 7.24949837E-2 2.19033961E-3 2.04475466E-4 8.04623604
2.99500513 8.49949121E-2 1.75230508E-3 1.8677795E-4 8.96283054
3.18249989 0.102500081 1.21131632E-3 1.75903086E-4 10.1177998
3.39750004 0.112499952 1.47234264E-3 1.80255462E-4 11.5303507
3.65750003 0.147500038 1.13126449E-3 1.60377953E-4 13.3555498
3.96500015 0.159999967 8.48973985E-4 1.77543741E-4 15.6956253
4.29250002 0.167500019 1.07330061E-3 1.89902028E-4 18.397501
4.67000008 0.210000038 6.24720647E-4 1.91327228E-4 21.764801
5.09749985 0.217499971 5.25526004E-4 2.24710137E-4 25.9372005
5.54500008 0.230000019 5.03142772E-4 2.5957101E-4 30.6941261
6.02999973 0.254999876 3.99753655E-4 2.96809711E-4 36.2958755
6.5625 0.277500153 9.76590207E-4 3.42481333E-4 42.989399
6.91499996 7.49998093E-2 1.98783865E-3 7.95124797E-4 47.8115997
NO NO NO NO NO
0.309163004 5.25701046E-3 9.08645708E-3 1.61134391E-4 9.55541283E-2
0.319669515 5.24950027E-3 1.01521863E-2 1.73843655E-4 0.102161042
0.330161512 5.24248183E-3 1.10869668E-2 1.84636898E-4 0.108979128
0.340639472 5.23550808E-3 1.21880779E-2 1.97014393E-4 0.11600785
0.351103008 5.2279979E-3 1.29441964E-2 2.07626523E-4 0.123245977
0.361552 5.22100925E-3 1.41723379E-2 2.20766087E-4 0.130692586
0.371986002 5.21299243E-3 1.49743883E-2 2.30928388E-4 0.138346404
0.382404506 5.20549715E-3 1.64513867E-2 2.46685173E-4 0.146206096
0.39280802 5.19801676E-3 1.71828438E-2 2.55822466E-4 0.154271111
0.403196514 5.19049168E-3 1.84235591E-2 2.69517157E-4 0.16254048
0.41356951 5.18250465E-3 2.00550836E-2 2.8530843E-4 0.171012878
0.423927009 5.17499447E-3 2.05183625E-2 2.93842517E-4 0.179687321
0.431686521 2.5845021E-3 2.18564253E-2 4.32607369E-4 0.186346561
0.436853528 2.58250535E-3 2.25106049E-2 4.42786171E-4 0.190834329
0.442016482 2.58047879E-3 2.34176349E-2 4.5445931E-4 0.195371926
0.44717598 2.57901847E-3 2.3127662E-2 4.54341294E-4 0.199959725
0.452331483 2.57648528E-3 2.32479591E-2 4.58505878E-4 0.204597145
0.457482994 2.57501006E-3 2.51659118E-2 4.80226096E-4 0.209284052
0.46263051 2.57250667E-3 2.50523482E-2 4.83581185E-4 0.214020371
0.467774004 2.57098675E-3 2.47952491E-2 4.85354132E-4 0.218805909
0.47291398 2.56900489E-3 2.42348127E-2 4.83197713E-4 0.223641053
0.478049994 2.56700814E-3 2.5896661E-2 5.05631207E-4 0.228525221
0.483182013 2.56499648E-3 2.60154344E-2 5.08720172E-4 0.233458281
0.488309979 2.56298482E-3 2.64885798E-2 5.17936889E-4 0.238440081
0.493433982 2.56100297E-3 2.67786048E-2 5.24179311E-4 0.243470535
0.501111507 5.11649251E-3 2.62111854E-2 3.7219192E-4 0.251086533
0.511336446 5.10850549E-3 2.70514917E-2 3.83652281E-4 0.261438906
0.521546006 5.1009953E-3 2.71574631E-2 3.9138156E-4 0.27198419
0.531740487 5.09351492E-3 2.65490171E-2 3.92851216E-4 0.282721996
0.541920006 5.08600473E-3 2.6947394E-2 4.008291E-4 0.293651432
0.552083969 5.07798791E-3 2.75331773E-2 4.11243876E-4 0.304770947
0.562232971 5.07101417E-3 2.81878635E-2 4.21426666E-4 0.316080242
0.572367013 5.06299734E-3 2.85615716E-2 4.28325817E-4 0.327578366
0.582486033 5.0559938E-3 2.81568877E-2 4.28240251E-4 0.339264393
0.592591047 5.04902005E-3 2.89585944E-2 4.37875133E-4 0.351138622
0.602681518 5.04148006E-3 2.81282812E-2 4.3583833E-4 0.363199592
0.612757504 5.03450632E-3 2.94869114E-2 4.48969658E-4 0.375446409
0.622819483 5.02747297E-3 2.96046827E-2 4.52251115E-4 0.387878835
0.632867932 5.02100587E-3 3.03002521E-2 4.61764634E-4 0.400496662
0.64290297 5.01400232E-3 3.1223882E-2 4.71462903E-4 0.413299084
0.652924001 5.00702858E-3 3.12888473E-2 4.76168207E-4 0.426284671
0.662932038 5.00097871E-3 3.04693915E-2 4.74075234E-4 0.43945384
0.672927499 4.9945116E-3 3.21555659E-2 4.90362523E-4 0.452806473
0.682910025 4.9880147E-3 3.18336226E-2 4.92096704E-4 0.466341227
0.692879558 4.98148799E-3 3.27634998E-2 5.03768912E-4 0.48005724
0.70283699 4.97597456E-3 3.14153731E-2 4.97831788E-4 0.493955076
0.712782979 4.9700141E-3 3.19764316E-2 5.06090117E-4 0.508034885
0.722717047 4.96402383E-3 3.22550423E-2 5.12085215E-4 0.522295237
0.732639551 4.9584806E-3 3.25142071E-2 5.19019144E-4 0.536736071
0.742550492 4.95249033E-3 3.32596675E-2 5.29348035E-4 0.551356733
0.752450466 4.94751334E-3 3.24307159E-2 5.28587028E-4 0.566157281
0.762340546 4.94250655E-3 3.26591469E-2 5.34000399E-4 0.581138611
0.772220016 4.93699312E-3 3.23955566E-2 5.36278763E-4 0.59629935
0.782088995 4.93198633E-3 3.28966118E-2 5.45519637E-4 0.611638844
0.791947961 4.92700934E-3 3.13185602E-2 5.376974E-4 0.627157331
0.801797509 4.92247939E-3 3.41318697E-2 5.65357157E-4 0.642854989
0.811638474 4.91851568E-3 3.25981788E-2 5.57891442E-4 0.658732831
0.821470499 4.91347909E-3 3.33084315E-2 5.68195072E-4 0.674789608
0.831292987 4.90903854E-3 3.32421921E-2 5.72872639E-4 0.691023946
0.841107488 4.90549207E-3 3.34111676E-2 5.80333755E-4 0.707437813
0.850914001 4.90099192E-3 3.2212574E-2 5.7401997E-4 0.724030614
0.860712528 4.89750504E-3 3.32988761E-2 5.8863085E-4 0.74080199
0.870504022 4.89401817E-3 3.26701924E-2 5.88402676E-4 0.757753313
0.880288005 4.88996506E-3 3.24095488E-2 5.90550771E-4 0.774883032
0.890064955 4.88701463E-3 3.29388082E-2 6.01089967E-4 0.792191803
0.899835467 4.88349795E-3 3.25243399E-2 6.01563312E-4 0.809680045
0.909599483 4.88048792E-3 3.23784687E-2 6.05318579E-4 0.827347398
0.919357479 4.87750769E-3 3.17172036E-2 6.05927606E-4 0.845194399
0.929109991 4.87500429E-3 3.13213468E-2 6.05718E-4 0.863221586
0.938856959 4.87199426E-3 3.19081247E-2 6.16908423E-4 0.881428719
0.948598504 4.86952066E-3 3.38040441E-2 6.40752143E-4 0.899815381
0.958335042 4.86698747E-3 3.17069888E-2 6.26733061E-4 0.918382287
0.970498502 7.29650259E-3 3.10368873E-2 5.09066391E-4 0.941814125
0.985087037 7.29200244E-3 3.13237309E-2 5.1780208E-4 0.970343232
0.999669552 7.29051232E-3 3.02962624E-2 5.14546118E-4 0.999285996
1.01424003 7.2799921E-3 3.01902499E-2 5.20482019E-4 1.02862978
1.02880502 7.28499889E-3 3.13197635E-2 5.37953689E-4 1.05838668
1.043365 7.27498531E-3 3.0079456E-2 5.31302008E-4 1.0885576
1.05791497 7.27498531E-3 2.8462179E-2 5.23636292E-4 1.11913121
1.07246494 7.27504492E-3 2.95638777E-2 5.36094129E-4 1.15012825
1.08701003 7.26997852E-3 2.87956465E-2 5.36550593E-4 1.18153799
1.10155499 7.27498531E-3 2.84614563E-2 5.38265274E-4 1.21337044
1.11610007 7.27003813E-3 2.67075896E-2 5.27512573E-4 1.24562633
1.13063502 7.26497173E-3 2.67425012E-2 5.31229656E-4 1.27828276
1.14759493 9.6949935E-3 2.48819422E-2 4.50200256E-4 1.31688023
1.16698503 9.6950531E-3 2.55023912E-2 4.61105956E-4 1.36176002
1.18637013 9.68998671E-3 2.47322451E-2 4.60308132E-4 1.4073801
1.20576 9.69994068E-3 2.26773452E-2 4.47750383E-4 1.45376313
1.22758496 1.21250153E-2 2.16959249E-2 3.97971104E-4 1.50681782
1.25183499 1.21250153E-2 2.05294956E-2 3.92361573E-4 1.56694376
1.27852499 1.4564991E-2 1.934167E-2 3.54396121E-4 1.63441408
1.30766499 1.45750046E-2 1.80037431E-2 3.4845309E-4 1.70977533
1.33926499 1.70249939E-2 1.72717012E-2 3.22916836E-4 1.7933408
1.37576497 1.94749832E-2 1.53468447E-2 2.90543161E-4 1.89234996
1.41718006 2.19400525E-2 1.41340597E-2 2.71575555E-4 2.00791788
1.46354508 2.44249701E-2 1.25627667E-2 2.5125689E-4 2.14136744
1.51244497 2.44750381E-2 1.18706943E-2 2.50423676E-4 2.28689098
1.56143999 2.45199203E-2 1.10422419E-2 2.52960948E-4 2.43749356
1.6105299 2.45700479E-2 1.04246819E-2 2.54386687E-4 2.59320307
1.65971494 2.46149898E-2 9.68778692E-3 2.53793114E-4 2.75404787
1.70898998 2.46599913E-2 9.35530476E-3 2.57282809E-4 2.9200387
1.75835502 2.47050524E-2 8.43668729E-3 2.4956881E-4 3.09120202
1.80780506 2.47449875E-2 8.52959231E-3 2.61138892E-4 3.26754689
1.85732508 2.47749686E-2 8.19724798E-3 2.70681368E-4 3.44904232
1.90691495 2.48150229E-2 8.07567872E-3 2.82417401E-4 3.63570905
1.95657003 2.48399973E-2 7.10216863E-3 2.74766353E-4 3.82754922
2.00627518 2.48650312E-2 7.53054954E-3 2.92489596E-4 4.02452135
2.05603004 2.4889946E-2 6.43416494E-3 2.81025888E-4 4.22664022
2.10582495 2.49049664E-2 6.45803614E-3 2.88750714E-4 4.43387842
2.15565491 2.49251127E-2 6.28729304E-3 2.93639372E-4 4.64622736
2.20552015 2.49398947E-2 6.57772087E-3 3.25133529E-4 4.86369658
2.25541019 2.49501467E-2 5.67772891E-3 3.34409735E-4 5.08625221
2.31031513 2.99549103E-2 5.09834941E-3 3.23365181E-4 5.33665848
2.38271999 4.24499512E-2 4.96477168E-3 2.7650909E-4 5.67555237
2.47513485 4.9965024E-2 4.14334377E-3 2.46587151E-4 6.12379646
2.57507992 4.99800444E-2 4.20692284E-3 2.53224483E-4 6.62853909
2.67754507 5.24849892E-2 3.71531048E-3 2.44691444E-4 7.16649294
2.78002501 4.99949455E-2 3.63779208E-3 2.6644938E-4 7.72603941
2.88751507 5.7494998E-2 3.25472909E-3 2.39471541E-4 8.33443737
3.01750493 7.24949837E-2 2.98995967E-3 2.09311125E-4 9.10008049
3.17499995 8.50000381E-2 2.72906828E-3 2.00356168E-4 10.0733995
3.36500001 0.105000019 2.23705079E-3 1.86766643E-4 11.3121996
3.59000015 0.120000005 1.70079758E-3 1.81584153E-4 12.8737001
3.84749985 0.137499928 1.72671373E-3 1.77551163E-4 14.7843494
4.15250015 0.167500138 1.49762374E-3 1.67538383E-4 17.2152004
4.54750013 0.227499962 9.40148893E-4 1.57204166E-4 20.6280022
5.0250001 0.25 1.0551163E-3 1.78198839E-4 25.1881256
5.60750008 0.332499981 9.61891084E-4 1.72653046E-4 31.3335018
6.39499998 0.454999924 5.69057825E-4 1.89004233E-4 40.6889992
6.89750004 4.75001335E-2 1.42688036E-3 7.24354701E-4 47.5732498
NO NO NO NO NO
0.309163004 5.25701046E-3 1.19480835E-2 1.86874779E-4 9.55541283E-2
0.319669515 5.24950027E-3 1.30667966E-2 1.99076385E-4 0.102161042
0.330161512 5.24248183E-3 1.43275643E-2 2.1300833E-4 0.108979128
0.340639472 5.23550808E-3 1.52246831E-2 2.23797848E-4 0.11600785
0.351103008 5.2279979E-3 1.61880925E-2 2.341371E-4 0.123245977
0.358942509 2.61150301E-3 1.7903503E-2 3.53826414E-4 0.128832892
0.364163518 2.60950625E-3 1.79246794E-2 3.5653013E-4 0.13260825
0.369380504 2.60749459E-3 1.87987071E-2 3.67893837E-4 0.136435151
0.374593496 2.60549784E-3 1.92902368E-2 3.76994198E-4 0.140313506
0.379803002 2.60400772E-3 1.9594213E-2 3.82760627E-4 0.144243538
0.385008514 2.60148942E-3 2.05754153E-2 3.96466232E-4 0.148224771
0.390209973 2.59999931E-3 2.05116328E-2 3.98888893E-4 0.15225707
0.395408005 2.59801745E-3 2.14198343E-2 4.10435605E-4 0.156340733
0.40060252 2.59649754E-3 2.34777443E-2 4.32844041E-4 0.160475641
0.405793011 2.59399414E-3 2.35665385E-2 4.38094226E-4 0.164661244
0.410979509 2.59248912E-3 2.43624523E-2 4.48313396E-4 0.16889742
0.416162014 2.59001553E-3 2.55952887E-2 4.62321943E-4 0.173184097
0.421340495 2.58848071E-3 2.65774261E-2 4.74784814E-4 0.17752111
0.42651549 2.58651376E-3 2.68518273E-2 4.81335446E-4 0.181908771
0.431686521 2.5845021E-3 2.77507603E-2 4.94527165E-4 0.186346561
0.436853528 2.58250535E-3 2.89545935E-2 5.06534358E-4 0.190834329
0.442016482 2.58047879E-3 2.88169999E-2 5.10160811E-4 0.195371926
0.44717598 2.57901847E-3 2.9471796E-2 5.18844347E-4 0.199959725
0.452331483 2.57648528E-3 3.15579921E-2 5.41874208E-4 0.204597145
0.457482994 2.57501006E-3 3.07484623E-2 5.3888699E-4 0.209284052
0.46263051 2.57250667E-3 3.14152464E-2 5.46829135E-4 0.214020371
0.467774004 2.57098675E-3 3.27719413E-2 5.64017799E-4 0.218805909
0.47291398 2.56900489E-3 3.27369943E-2 5.67302806E-4 0.223641053
0.478049994 2.56700814E-3 3.44786122E-2 5.8729318E-4 0.228525221
0.483182013 2.56499648E-3 3.47753577E-2 5.93734905E-4 0.233458281
0.488309979 2.56298482E-3 3.35483141E-2 5.90350013E-4 0.238440081
0.493433982 2.56100297E-3 3.40256393E-2 5.97077713E-4 0.243470535
0.498554498 2.55951285E-3 3.56427841E-2 6.16956502E-4 0.248550043
0.50367099 2.55697966E-3 3.49998027E-2 6.15786004E-4 0.253677934
0.50878346 2.55551934E-3 3.50912102E-2 6.22223946E-4 0.258854121
0.513891995 2.55298615E-3 3.52204144E-2 6.29175047E-4 0.264078468
0.518996477 2.55149603E-3 3.61525156E-2 6.42655301E-4 0.269350827
0.524097443 2.54949927E-3 3.5147436E-2 6.38717494E-4 0.274671674
0.529194951 2.54800916E-3 3.50465365E-2 6.42855477E-4 0.28004083
0.534288526 2.54550576E-3 3.47414538E-2 6.44571439E-4 0.28545773
0.539377987 2.54398584E-3 3.54101025E-2 6.5623346E-4 0.290922135
0.544463992 2.54201889E-3 3.59501801E-2 6.66629116E-4 0.296434581
0.549546003 2.53999233E-3 3.49097252E-2 6.60307705E-4 0.301994354
0.554623961 2.53799558E-3 3.61848772E-2 6.75785996E-4 0.307601333
0.559698462 2.53650546E-3 3.6153052E-2 6.79647492E-4 0.313255966
0.564769506 2.53450871E-3 3.59428264E-2 6.81377598E-4 0.318958163
0.569836497 2.53251195E-3 3.59082706E-2 6.84238737E-4 0.32470724
0.574899554 2.53048539E-3 3.65269743E-2 6.92771573E-4 0.330503047
0.579959035 2.52899528E-3 3.74028161E-2 7.05815211E-4 0.33634606
0.585014999 2.52699852E-3 3.66912745E-2 7.00942706E-4 0.342236161
0.590067506 2.5255084E-3 3.71342599E-2 7.09446729E-4 0.34817329
0.595116496 2.52351165E-3 3.82198989E-2 7.22768309E-4 0.354157299
0.600161552 2.52148509E-3 3.7603613E-2 7.17007497E-4 0.360187501
0.605203032 2.51999497E-3 3.97263989E-2 7.39552372E-4 0.366264313
0.610240996 2.51799822E-3 3.92834768E-2 7.39735551E-4 0.372387737
0.615275502 2.5165081E-3 3.95235345E-2 7.42498843E-4 0.378557622
0.620307028 2.51501799E-3 3.95264961E-2 7.45849451E-4 0.384774476
0.625334501 2.51245499E-3 4.03892212E-2 7.57749425E-4 0.391036928
0.630358458 2.51153111E-3 4.10592258E-2 7.67016085E-4 0.397345513
0.635379493 2.50947475E-3 4.22900282E-2 7.81002338E-4 0.403700799
0.640396476 2.5075078E-3 4.24751118E-2 7.85095443E-4 0.410101354
0.645410478 2.50649452E-3 4.31379527E-2 7.96633249E-4 0.416548401
0.6504215 2.50452757E-3 4.30679247E-2 7.9916406E-4 0.42304185
0.655428529 2.50250101E-3 4.29043397E-2 7.99256086E-4 0.429580301
0.660432518 2.50148773E-3 4.20417786E-2 7.9464016E-4 0.436164856
0.665433526 2.49949098E-3 4.40524258E-2 8.15918494E-4 0.442795485
0.670431018 2.49800086E-3 4.28775698E-2 8.08638753E-4 0.449471474
0.675425529 2.49651074E-3 4.28508259E-2 8.10671248E-4 0.456193388
0.680416524 2.49451399E-3 4.50073071E-2 8.3418272E-4 0.462960422
0.685404539 2.49350071E-3 4.38586213E-2 8.28605611E-4 0.469773173
0.690389514 2.49147415E-3 4.60190512E-2 8.53910286E-4 0.476631463
0.695371032 2.49001384E-3 4.57058214E-2 8.52915924E-4 0.483534634
0.700350046 2.48900056E-3 4.48967367E-2 8.48228403E-4 0.49048394
0.705325961 2.486974E-3 4.590993E-2 8.61770764E-4 0.497478575
0.710298479 2.48551369E-3 4.55169976E-2 8.60723085E-4 0.504517734
0.715268493 2.48450041E-3 4.54755537E-2 8.63964786E-4 0.511602819
0.720235467 2.48250365E-3 4.49876525E-2 8.63541558E-4 0.518733025
0.725199521 2.48152018E-3 4.59507219E-2 8.76001024E-4 0.525908172
0.730161011 2.47997046E-3 4.49051373E-2 8.71382712E-4 0.533128977
0.735119462 2.47851014E-3 4.50331867E-2 8.75286001E-4 0.540394545
0.740074992 2.47699022E-3 4.59747314E-2 8.87824048E-4 0.547704875
0.745027483 2.47550011E-3 4.84742858E-2 9.15095559E-4 0.55505985
0.749977469 2.47451663E-3 4.623257E-2 8.96498328E-4 0.562460124
0.754925013 2.47299671E-3 4.70935181E-2 9.09183524E-4 0.569905639
0.759869993 2.47198343E-3 4.57580909E-2 9.03451932E-4 0.577396274
0.764812469 2.47052312E-3 4.66346778E-2 9.17685858E-4 0.584932029
0.769752026 2.4690032E-3 4.76755835E-2 9.29011381E-4 0.592512071
0.774689019 2.46798992E-3 4.59892526E-2 9.17459431E-4 0.600136995
0.779623508 2.46649981E-3 4.82216738E-2 9.43851774E-4 0.607806742
0.784555495 2.46548653E-3 4.6401076E-2 9.26265959E-4 0.615521252
0.791947961 4.92700934E-3 4.64378446E-2 6.61329133E-4 0.627157331
0.799337029 2.46199965E-3 4.78144437E-2 9.55407624E-4 0.638933599
0.804259479 2.46047974E-3 4.88945432E-2 9.69954475E-4 0.646827281
0.811638474 4.91851568E-3 4.69916239E-2 6.78402721E-4 0.658732831
0.821470499 4.91347909E-3 4.70197126E-2 6.83866965E-4 0.674789608
0.831292987 4.90903854E-3 4.88920547E-2 7.03404599E-4 0.691023946
0.841107488 4.90549207E-3 4.8952911E-2 7.10034277E-4 0.707437813
0.850914001 4.90099192E-3 4.8283089E-2 7.10038992E-4 0.724030614
0.860712528 4.89750504E-3 4.74264584E-2 7.09908898E-4 0.74080199
0.870504022 4.89401817E-3 4.79882546E-2 7.20658631E-4 0.757753313
0.880288005 4.88996506E-3 4.81838472E-2 7.29196239E-4 0.774883032
0.890064955 4.88701463E-3 4.85983975E-2 7.36591697E-4 0.792191803
0.899835467 4.88349795E-3 4.88986894E-2 7.46807142E-4 0.809680045
0.909599483 4.88048792E-3 4.77716774E-2 7.4325758E-4 0.827347398
0.919357479 4.87750769E-3 4.87958603E-2 7.59167306E-4 0.845194399
0.929109991 4.87500429E-3 4.7967691E-2 7.5752713E-4 0.863221586
0.938856959 4.87199426E-3 4.60598618E-2 7.50947394E-4 0.881428719
0.948598504 4.86952066E-3 4.75377031E-2 7.67168414E-4 0.899815381
0.958335042 4.86698747E-3 4.83722761E-2 7.80379225E-4 0.918382287
0.96806699 4.86499071E-3 4.73378934E-2 7.78569665E-4 0.937130034
0.977795005 4.86302376E-3 4.75377142E-2 7.86442659E-4 0.956059396
0.987518549 4.86049056E-3 4.76741791E-2 7.94362102E-4 0.975169182
0.99723947 4.86049056E-3 4.63980325E-2 7.89268059E-4 0.994462967
1.00695491 4.85497713E-3 4.68802825E-2 7.98646361E-4 1.01393473
1.01666498 4.85503674E-3 4.68326546E-2 8.03868286E-4 1.03358412
1.02637506 4.85497713E-3 4.47379686E-2 7.91587634E-4 1.05342209
1.03608489 4.85497713E-3 4.72102724E-2 8.17620894E-4 1.07344842
1.04578996 4.85002995E-3 4.53458801E-2 8.08697718E-4 1.09365308
1.05549002 4.84997034E-3 4.33404036E-2 7.96651409E-4 1.11403549
1.06518996 4.85002995E-3 4.55616489E-2 8.22536065E-4 1.13460612
1.07489002 4.85002995E-3 4.3942783E-2 8.15148698E-4 1.15536499
1.08458996 4.84997034E-3 4.36217859E-2 8.14460393E-4 1.17631197
1.09428501 4.84502316E-3 4.21438031E-2 8.06501776E-4 1.19743621
1.10398006 4.84997034E-3 4.22036648E-2 8.14194325E-4 1.21874833
1.113675 4.84502316E-3 4.25546728E-2 8.21311201E-4 1.24024856
1.12336493 4.84496355E-3 4.31444012E-2 8.33911938E-4 1.26192546
1.13305497 4.84502316E-3 4.3769639E-2 8.44362017E-4 1.28379011
1.14516997 7.26997852E-3 4.05430831E-2 6.7069818E-4 1.31136143
1.15970993 7.27003813E-3 3.93460281E-2 6.65292959E-4 1.34487438
1.17425001 7.26997852E-3 4.09991667E-2 6.85739098E-4 1.37881017
1.18879008 7.27003813E-3 3.95887941E-2 6.81818463E-4 1.41316891
1.20333505 7.27498531E-3 3.7952058E-2 6.746531E-4 1.44796228
1.21788502 7.27498531E-3 3.75396721E-2 6.7563355E-4 1.48319101
1.23243499 7.27498531E-3 3.49756554E-2 6.60733611E-4 1.51884305
1.24698496 7.27504492E-3 3.5453584E-2 6.683963E-4 1.55491877
1.26153994 7.2799325E-3 3.32244933E-2 6.54839911E-4 1.59143019
1.27609992 7.28005171E-3 3.34295258E-2 6.64555409E-4 1.62837815
1.29309511 9.71502066E-3 3.35936658E-2 5.83751942E-4 1.67200041
1.31252503 9.71496105E-3 3.27371098E-2 5.81660366E-4 1.72262764
1.33196497 9.72497463E-3 3.10819689E-2 5.74670557E-4 1.77403605
1.35141993 9.73004103E-3 3.10132857E-2 5.82446461E-4 1.82624125
1.37088501 9.73498821E-3 2.98624113E-2 5.77397062E-4 1.87923098
1.39279997 1.21799707E-2 2.88598835E-2 5.1589869E-4 1.9397434
1.41717005 1.21900439E-2 2.8435234E-2 5.20279224E-4 2.0082221
1.44156504 1.22050047E-2 2.76361201E-2 5.1926903E-4 2.07796073
1.46598005 1.22099519E-2 2.66793482E-2 5.18126646E-4 2.14894819
1.49286497 1.46750212E-2 2.53025964E-2 4.70500148E-4 2.22843051
1.52223003 1.46900415E-2 2.44738329E-2 4.74258763E-4 2.31696844
1.55408001 1.71599388E-2 2.36430354E-2 4.43255587E-4 2.41487026
1.58841991 1.71800256E-2 2.29426809E-2 4.47927829E-4 2.5227828
1.62526989 1.966995E-2 2.13939585E-2 4.14310896E-4 2.64111543
1.66709995 2.21600533E-2 2.08773799E-2 3.94846924E-4 2.77873111
1.713925 2.46649981E-2 1.95485E-2 3.71082104E-4 2.93693066
1.76329494 2.47049928E-2 1.82581376E-2 3.67986213E-4 3.10859895
1.81274998 2.47499943E-2 1.82847325E-2 3.8132511E-4 3.28544998
1.86228001 2.4780035E-2 1.61860622E-2 3.82358325E-4 3.46747279
1.91187501 2.48149633E-2 1.61374137E-2 3.99916171E-4 3.65465021
1.96153498 2.48450041E-2 1.44675858E-2 3.8998184E-4 3.84700227
2.01124501 2.48649716E-2 1.3541529E-2 3.87620792E-4 4.04448795
2.06100488 2.48949528E-2 1.38198519E-2 4.0245257E-4 4.24712133
2.11080503 2.49050856E-2 1.25559447E-2 3.96758056E-4 4.4548769
2.16064 2.49300003E-2 1.18111894E-2 4.01039724E-4 4.66774368
2.21051002 2.49400139E-2 1.18161729E-2 4.26793558E-4 4.88573265
2.26040006 2.49500275E-2 1.14238383E-2 4.60506999E-4 5.10878611
2.31030989 2.49599218E-2 1.07903108E-2 4.9399276E-4 5.33690929
2.36023998 2.49700546E-2 9.58209205E-3 4.83573618E-4 5.57010937
2.41018486 2.49749422E-2 1.00653162E-2 5.08731348E-4 5.80836773
2.46013999 2.49800682E-2 9.59592592E-3 4.91009094E-4 6.05166483
2.51010513 2.49849558E-2 8.41436628E-3 4.84474731E-4 6.30000305
2.56258011 2.74900198E-2 7.83252995E-3 4.37158829E-4 6.56606054
2.61755991 2.74900198E-2 7.20195565E-3 4.32714965E-4 6.85086489
2.67504501 2.99949646E-2 7.19795935E-3 4.27259016E-4 7.15496635
2.74003005 3.49900723E-2 6.9153579E-3 4.05364262E-4 7.5065403
2.8175149 4.24948931E-2 5.83443884E-3 3.53678537E-4 7.93658495
2.9075098 4.75000143E-2 5.81834139E-3 3.41685867E-4 8.45135784
3.00750494 5.24950027E-2 5.06852986E-3 3.16647493E-4 9.04232979
3.11249995 5.25000095E-2 4.79678903E-3 3.16366291E-4 9.68489933
3.2249999 6.0000062E-2 4.2631994E-3 2.96494487E-4 10.3970251
3.3499999 6.4999938E-2 4.10078373E-3 2.83527275E-4 11.2182751
3.50250006 8.74999762E-2 3.14868568E-3 2.28462173E-4 12.2598495
3.68499994 9.50000286E-2 2.92922487E-3 2.35082625E-4 13.5702
3.875 9.50000286E-2 3.0836917E-3 2.56087602E-4 15.0066004
4.11999989 0.149999976 1.69498823E-3 1.93899556E-4 16.9519005
4.43000031 0.160000086 1.95397413E-3 2.01855291E-4 19.5993004
4.8375001 0.247499943 1.14792655E-3 1.64902216E-4 23.3401508
5.32999992 0.244999886 1.59058755E-3 1.99155678E-4 28.348875
5.88999987 0.315000057 1.21886632E-3 2.10273211E-4 34.5928726
6.58249998 0.377500057 7.56453781E-4 2.45412695E-4 43.1867981
NO NO NO NO NO
0.314412504 1.05065107E-2 8.1323972E-3 1.42753619E-4 9.87448394E-2
0.33278051 7.86149502E-3 9.26068146E-3 1.79054361E-4 0.110681064
0.348486483 7.84449279E-3 1.09117599E-2 1.97707457E-4 0.121381305
0.364159495 7.82850385E-3 1.19681526E-2 2.10458878E-4 0.132550851
0.379799008 7.81099498E-3 1.31601756E-2 2.24390067E-4 0.144186258
0.395404518 7.7945143E-3 1.48044694E-2 2.4248843E-4 0.15628396
0.408385515 5.18648326E-3 1.61789674E-2 3.14448E-4 0.166751817
0.418750465 5.17849624E-3 1.65334344E-2 3.2156831E-4 0.17532514
0.429099977 5.17101586E-3 1.81280281E-2 3.39393591E-4 0.184100062
0.439433992 5.16298413E-3 1.89384408E-2 3.51443246E-4 0.193075582
0.44975248 5.15550375E-3 1.97576545E-2 3.61978862E-4 0.202250719
0.4600555 5.14751673E-3 2.0388769E-2 3.72986542E-4 0.211624563
0.470342994 5.13999164E-3 2.16276608E-2 3.8919205E-4 0.22119613
0.48061502 5.13200462E-3 2.21882034E-2 4.00110963E-4 0.230964452
0.490871012 5.12398779E-3 2.34188568E-2 4.16126946E-4 0.240928084
0.501111507 5.11649251E-3 2.31759008E-2 4.20560624E-4 0.251086533
0.511336446 5.10850549E-3 2.3290813E-2 4.30214423E-4 0.261438906
0.521546006 5.1009953E-3 2.28174645E-2 4.30970045E-4 0.27198419
0.531740487 5.09351492E-3 2.33029164E-2 4.42021206E-4 0.282721996
0.541920006 5.08600473E-3 2.42452733E-2 4.55956673E-4 0.293651432
0.552083969 5.07798791E-3 2.40408368E-2 4.58659662E-4 0.304770947
0.562232971 5.07101417E-3 2.48114895E-2 4.70411702E-4 0.316080242
0.572367013 5.06299734E-3 2.56193075E-2 4.82706237E-4 0.327578366
0.582486033 5.0559938E-3 2.56611314E-2 4.85300872E-4 0.339264393
0.592591047 5.04902005E-3 2.62742545E-2 4.95503482E-4 0.351138622
0.602681518 5.04148006E-3 2.63585094E-2 4.97977831E-4 0.363199592
0.612757504 5.03450632E-3 2.82845851E-2 5.17790904E-4 0.375446409
0.622819483 5.02747297E-3 2.71336176E-2 5.11093182E-4 0.387878835
0.632867932 5.02100587E-3 2.79858429E-2 5.20278933E-4 0.400496662
0.64290297 5.01400232E-3 2.87669487E-2 5.31639962E-4 0.413299084
0.652924001 5.00702858E-3 2.92742513E-2 5.38349326E-4 0.426284671
0.662932038 5.00097871E-3 2.97150798E-2 5.45849267E-4 0.43945384
0.672927499 4.9945116E-3 3.06004304E-2 5.56982239E-4 0.452806473
0.682910025 4.9880147E-3 2.99823135E-2 5.55924955E-4 0.466341227
0.692879558 4.98148799E-3 3.08207721E-2 5.66420495E-4 0.48005724
0.70283699 4.97597456E-3 3.13970894E-2 5.75749436E-4 0.493955076
0.712782979 4.9700141E-3 3.17422636E-2 5.83397865E-4 0.508034885
0.722717047 4.96402383E-3 3.11759114E-2 5.83497749E-4 0.522295237
0.732639551 4.9584806E-3 3.1100072E-2 5.86991024E-4 0.536736071
0.742550492 4.95249033E-3 3.25852893E-2 6.04890578E-4 0.551356733
0.752450466 4.94751334E-3 3.19311619E-2 6.04122237E-4 0.566157281
0.762340546 4.94250655E-3 3.28591801E-2 6.18436199E-4 0.581138611
0.772220016 4.93699312E-3 3.28303799E-2 6.21376385E-4 0.59629935
0.782088995 4.93198633E-3 3.38628776E-2 6.3527195E-4 0.611638844
0.791947961 4.92700934E-3 3.34139951E-2 6.37702993E-4 0.627157331
0.801797509 4.92247939E-3 3.38480622E-2 6.45561027E-4 0.642854989
0.811638474 4.91851568E-3 3.3679869E-2 6.49627065E-4 0.658732831
0.821470499 4.91347909E-3 3.44257466E-2 6.60037855E-4 0.674789608
0.833746493 7.36254454E-3 3.26593518E-2 5.30545076E-4 0.695079029
0.846011996 4.90295887E-3 3.34876217E-2 6.64494524E-4 0.715712249
0.858262479 7.34752417E-3 3.2884948E-2 5.41645335E-4 0.736560524
0.872949481 7.33950734E-3 3.41897048E-2 5.58776374E-4 0.761986971
0.887620509 7.33149052E-3 3.42856534E-2 5.65766124E-4 0.787816405
0.90227598 7.32398033E-3 3.40782776E-2 5.69310796E-4 0.81404829
0.916917443 7.31751323E-3 3.3666756E-2 5.71567391E-4 0.840684116
0.931545973 7.31101632E-3 3.37817296E-2 5.79400687E-4 0.867724478
0.946162522 7.30550289E-3 3.2226067E-2 5.71573444E-4 0.895170152
0.960767984 7.29998946E-3 3.33153196E-2 5.87156217E-4 0.923021913
0.975363016 7.29501247E-3 3.33700255E-2 5.93941659E-4 0.951279819
0.989948511 7.29048252E-3 3.25611047E-2 5.91228891E-4 0.979944885
1.00452447 7.28547573E-3 3.19291055E-2 5.91657008E-4 1.00901628
1.01909494 7.2850585E-3 3.11955959E-2 5.9075735E-4 1.0385015
1.03365993 7.2799325E-3 3.09543684E-2 5.93490433E-4 1.06840003
1.04821491 7.27504492E-3 3.19927447E-2 6.0750125E-4 1.09870172
1.062765 7.27498531E-3 3.14305946E-2 6.07593684E-4 1.12941647
1.07731497 7.27498531E-3 3.04864272E-2 6.0406141E-4 1.16055465
1.09428501 9.6949935E-3 2.98225321E-2 5.22651826E-4 1.19736552
1.113675 9.6950531E-3 3.01357899E-2 5.30853053E-4 1.24017799
1.13305998 9.68998671E-3 2.73466427E-2 5.1229645E-4 1.2837311
1.15244508 9.6949935E-3 2.73328014E-2 5.1676936E-4 1.32803547
1.17182994 9.68998671E-3 2.74716243E-2 5.24098519E-4 1.3730917
1.19121504 9.6950531E-3 2.70018559E-2 5.24507079E-4 1.4188993
1.21303511 1.21249557E-2 2.50433311E-2 4.58953582E-4 1.47130704
1.23728502 1.21250153E-2 2.44059283E-2 4.58930619E-4 1.53072715
1.26154006 1.2130022E-2 2.35717297E-2 4.57750022E-4 1.59133613
1.28580999 1.21399164E-2 2.2859199E-2 4.57080547E-4 1.65315998
1.31252992 1.45800114E-2 2.17993949E-2 4.13843605E-4 1.72252226
1.34169996 1.45900249E-2 2.10328549E-2 4.13738482E-4 1.79994595
1.37333 1.70400143E-2 1.99746396E-2 3.80741636E-4 1.88574493
1.40742993 1.70599818E-2 1.98818389E-2 3.85827676E-4 1.98056817
1.44157004 1.7080009E-2 1.97452251E-2 3.93278053E-4 2.07783222
1.47819996 1.95500255E-2 1.83489528E-2 3.63568164E-4 2.1846931
1.52223504 2.4484992E-2 1.69920996E-2 3.27815185E-4 2.31660008
1.57124996 2.45299935E-2 1.66864041E-2 3.4494765E-4 2.468225
1.6203599 2.45799422E-2 1.56715121E-2 3.51356546E-4 2.62496233
1.66956496 2.46250033E-2 1.4607951E-2 3.46357643E-4 2.78684068
1.71885991 2.46700644E-2 1.39389066E-2 3.44424392E-4 2.95387101
1.76823997 2.470994E-2 1.2930613E-2 3.37159639E-4 3.12606192
1.81769991 2.47499943E-2 1.29694799E-2 3.5156848E-4 3.30342031
1.86723495 2.47850418E-2 1.22890985E-2 3.58709251E-4 3.48595214
1.91684008 2.48200297E-2 1.20290471E-2 3.69490095E-4 3.67365956
1.96650505 2.48449445E-2 1.08428691E-2 3.6127746E-4 3.8665247
2.01622009 2.4870038E-2 1.02574099E-2 3.55546275E-4 4.06452465
2.06598496 2.48949528E-2 9.74805094E-3 3.5525515E-4 4.26767397
2.11578989 2.49099731E-2 9.88900755E-3 3.69256799E-4 4.47594643
2.1656251 2.49251127E-2 9.51926783E-3 3.78079683E-4 4.68931007
2.21549511 2.49449015E-2 8.46019574E-3 3.76941462E-4 4.90779591
2.26538992 2.49501467E-2 8.41805432E-3 4.10074979E-4 5.13136959
2.31530523 2.49649286E-2 8.26917589E-3 4.38194693E-4 5.36001444
2.36773491 2.74649858E-2 7.58203771E-3 4.13532543E-4 5.60541487
2.42516994 2.99699306E-2 7.39014661E-3 4.01891943E-4 5.88055086
2.48262501 2.74851322E-2 7.26825558E-3 4.16062307E-4 6.16267157
2.55009007 3.99799347E-2 6.42121164E-3 3.32568219E-4 6.50136089
2.63255501 4.24849987E-2 6.32844586E-3 3.25748231E-4 6.92854071
2.72003007 4.49900627E-2 6.15687482E-3 3.22959764E-4 7.39653969
2.8175149 5.24948835E-2 5.41806081E-3 2.8954033E-4 7.93563509
2.92250991 5.25000095E-2 5.03951032E-3 2.88337731E-4 8.53830814
3.04000497 6.49950504E-2 4.31012502E-3 2.4620333E-4 9.23740578
3.17499995 6.99999332E-2 4.23262222E-3 2.44992174E-4 10.0757246
3.32749987 8.25001001E-2 3.78748542E-3 2.20677161E-4 11.0654497
3.51749992 0.107499957 2.95833685E-3 1.84678705E-4 12.3612499
3.75999999 0.13499999 2.69785454E-3 1.6685712E-4 14.1193752
4.05249977 0.157500029 2.47051497E-3 1.58593612E-4 16.3979492
4.47749996 0.267499924 1.61118002E-3 1.14017806E-4 19.97645
5.17749977 0.432500124 1.28572586E-3 9.57983793E-5 26.6194496
6.71000004 1.0999999 9.11730458E-4 7.94921798E-5 43.8141022
8.90250015 1.09249997 4.47921833E-4 2.17612251E-4 78.0609512
NO NO NO NO NO
0.314412504 1.05065107E-2 3.06808623E-3 5.26267977E-5 9.87448394E-2
0.33278051 7.86149502E-3 3.60015361E-3 6.67410495E-5 0.110681064
0.348486483 7.84449279E-3 4.03248565E-3 7.1691371E-5 0.121381305
0.364159495 7.82850385E-3 4.58958093E-3 7.75716107E-5 0.132550851
0.379799008 7.81099498E-3 5.13230171E-3 8.32532896E-5 0.144186258
0.39280802 5.19801676E-3 5.47852786E-3 1.06831591E-4 0.154271111
0.403196514 5.19049168E-3 5.90987317E-3 1.11896894E-4 0.16254048
0.41356951 5.18250465E-3 6.37388602E-3 1.17675947E-4 0.171012878
0.423927009 5.17499447E-3 6.60598045E-3 1.21076897E-4 0.179687321
0.434269011 5.16700745E-3 6.9199549E-3 1.25089849E-4 0.18856287
0.444595516 5.15949726E-3 7.26663601E-3 1.29631459E-4 0.197638556
0.454906523 5.15149534E-3 7.48010911E-3 1.33280264E-4 0.206913397
0.465201497 5.14349341E-3 7.75358081E-3 1.37549374E-4 0.216385975
0.475481004 5.13601303E-3 8.22739396E-3 1.43232348E-4 0.226055801
0.485745013 5.12798131E-3 8.205886E-3 1.45141312E-4 0.235921904
0.495993495 5.12051582E-3 8.80277529E-3 1.52675901E-4 0.245983332
0.50622654 5.112499E-3 8.80840421E-3 1.55252783E-4 0.256239146
0.516443491 5.10448217E-3 8.78592022E-3 1.57525355E-4 0.26668781
0.526645482 5.09750843E-3 8.70636664E-3 1.58952447E-4 0.277329475
0.536832452 5.08949161E-3 8.81023612E-3 1.6227366E-4 0.288163215
0.547003984 5.08201122E-3 9.10805538E-3 1.66675411E-4 0.299187541
0.557160497 5.07450104E-3 8.83501396E-3 1.65903723E-4 0.310402066
0.567301989 5.06702065E-3 9.32504144E-3 1.71771579E-4 0.321805894
0.57742852 5.05948067E-3 9.33952909E-3 1.7347456E-4 0.333398104
0.587540507 5.05250692E-3 9.45771672E-3 1.75544483E-4 0.345178306
0.597638011 5.04499674E-3 1.0060546E-2 1.81934942E-4 0.357145727
0.607720971 5.03799319E-3 9.92168859E-3 1.81539144E-4 0.369299442
0.61779052 5.03152609E-3 1.01639507E-2 1.84839839E-4 0.381639808
0.627846003 5.0239861E-3 1.04450285E-2 1.87821555E-4 0.394165397
0.637887001 5.01698256E-3 1.06823836E-2 1.91404601E-4 0.406874657
0.647915006 5.01102209E-3 1.09569589E-2 1.94465814E-4 0.419768751
0.657930017 5.00398874E-3 1.03631383E-2 1.90436753E-4 0.432846874
0.667931497 4.99749184E-3 1.09484158E-2 1.9738829E-4 0.446107507
0.677919984 4.99102473E-3 1.13526387E-2 2.01817515E-4 0.459550649
0.687896013 4.98497486E-3 1.1805526E-2 2.06897646E-4 0.473176062
0.697860003 4.9790144E-3 1.15689859E-2 2.06722107E-4 0.486983806
0.707811475 4.97248769E-3 1.19025866E-2 2.11099759E-4 0.50097239
0.717751026 4.96700406E-3 1.13888597E-2 2.07736201E-4 0.515141845
0.727679491 4.96149063E-3 1.15418397E-2 2.10889819E-4 0.529492855
0.737596512 4.95550036E-3 1.16042718E-2 2.13064486E-4 0.544023991
0.747501969 4.95001674E-3 1.20660691E-2 2.18788671E-4 0.558734715
0.757396996 4.94498014E-3 1.19776465E-2 2.19734851E-4 0.573625743
0.767281532 4.93952632E-3 1.21698538E-2 2.23267125E-4 0.58869648
0.777155519 4.93448973E-3 1.16750887E-2 2.20234011E-4 0.603946328
0.787019491 4.92948294E-3 1.23143848E-2 2.27629484E-4 0.619375408
0.796873987 4.92501259E-3 1.1983728E-2 2.26459335E-4 0.634983897
0.806719542 4.92051244E-3 1.24503318E-2 2.32295482E-4 0.650772154
0.8165555 4.91550565E-3 1.2192362E-2 2.32211169E-4 0.666738749
0.826382518 4.91148233E-3 1.22744348E-2 2.34350198E-4 0.682883918
0.836201549 4.90751863E-3 1.25015313E-2 2.38252207E-4 0.699208915
0.846011996 4.90295887E-3 1.21077485E-2 2.36357941E-4 0.715712249
0.855814457 4.8995316E-3 1.23723578E-2 2.40653811E-4 0.732394457
0.865609527 4.89547849E-3 1.19241625E-2 2.38001099E-4 0.749255836
0.875396967 4.89202142E-3 1.22786723E-2 2.42536495E-4 0.766295969
0.885177493 4.88847494E-3 1.26374587E-2 2.48759374E-4 0.783515275
0.897392511 7.32651353E-3 1.21762305E-2 2.00947718E-4 0.805259585
0.912038445 7.31948018E-3 1.20764514E-2 2.01794624E-4 0.831760585
0.926671505 7.31351972E-3 1.20245181E-2 2.03320233E-4 0.858666539
0.941291988 7.30699301E-3 1.23269865E-2 2.08276237E-4 0.885977209
0.95590049 7.30150938E-3 1.20341554E-2 2.07857825E-4 0.913692415
0.970498502 7.29650259E-3 1.2394513E-2 2.12837112E-4 0.941814125
0.985087037 7.29200244E-3 1.17377322E-2 2.09159713E-4 0.970343232
0.999669552 7.29051232E-3 1.18658291E-2 2.12467683E-4 0.999285996
1.01424003 7.2799921E-3 1.1769346E-2 2.13893858E-4 1.02862978
1.02880502 7.28499889E-3 1.14057753E-2 2.12398605E-4 1.05838668
1.043365 7.27498531E-3 1.14033995E-2 2.14051455E-4 1.0885576
1.05791497 7.27498531E-3 1.12562804E-2 2.14487751E-4 1.11913121
1.07246494 7.27504492E-3 1.09600089E-2 2.13552441E-4 1.15012825
1.08701003 7.26997852E-3 1.09077636E-2 2.14650863E-4 1.18153799
1.10397506 9.6949935E-3 1.05221383E-2 1.84222619E-4 1.21866679
1.12336504 9.6950531E-3 1.0349229E-2 1.84804041E-4 1.26185501
1.14275002 9.6899271E-3 1.05892336E-2 1.89219922E-4 1.30578375
1.16213489 9.6949935E-3 9.92476288E-3 1.85232435E-4 1.35046363
1.18152499 9.6949935E-3 9.70200635E-3 1.84932898E-4 1.39590716
1.20091498 9.6950531E-3 9.6349353E-3 1.86272795E-4 1.44210279
1.22030497 9.6949935E-3 9.5289005E-3 1.8744402E-4 1.48905039
1.24213004 1.2130022E-2 9.1082789E-3 1.65871519E-4 1.54273987
1.26639509 1.21349692E-2 8.78997147E-3 1.65189413E-4 1.60360909
1.29067004 1.21400356E-2 8.67323298E-3 1.66798185E-4 1.66568172
1.31496 1.214993E-2 8.63046944E-3 1.68472092E-4 1.7289722
1.34169996 1.45900249E-2 8.30689445E-3 1.53029658E-4 1.79994595
1.3708899 1.45999789E-2 8.20682477E-3 1.55071568E-4 1.87912607
1.40011001 1.46200061E-2 8.08145478E-3 1.56554743E-4 1.96009409
1.4318049 1.70750022E-2 7.66226184E-3 1.43762634E-4 2.04977393
1.46597993 1.70999765E-2 7.49775534E-3 1.45983824E-4 2.14880466
1.50265002 1.95700526E-2 7.20436871E-3 1.37096533E-4 2.25757384
1.54427505 2.20549703E-2 7.06182653E-3 1.34730188E-4 2.3842988
1.59087992 2.45500207E-2 6.70150109E-3 1.31351917E-4 2.53029633
1.64003003 2.4600029E-2 6.71057682E-3 1.36646107E-4 2.68909335
1.68927002 2.46399641E-2 6.14777394E-3 1.33359092E-4 2.85302615
1.73860002 2.4690032E-2 6.24171272E-3 1.36895644E-4 3.02212048
1.78801501 2.47249603E-2 5.74086327E-3 1.33986992E-4 3.19638634
1.83750498 2.47650146E-2 5.78387501E-3 1.41140481E-4 3.37581134
1.88706994 2.48000026E-2 5.81083773E-3 1.48832885E-4 3.56041813
1.93669999 2.48299837E-2 5.43022482E-3 1.48268082E-4 3.75019026
1.98638499 2.48550177E-2 5.2814167E-3 1.48679843E-4 3.94510746
2.03611994 2.48800516E-2 4.97802533E-3 1.4779334E-4 4.14516592
2.08590007 2.48999596E-2 5.08386409E-3 1.52673485E-4 4.35035896
2.13572001 2.49199867E-2 4.89568571E-3 1.55330301E-4 4.56067896
2.18557 2.49300003E-2 4.87583829E-3 1.61721342E-4 4.77609491
2.23544979 2.49499083E-2 4.8944368E-3 1.75174267E-4 4.99661398
2.28535509 2.49551535E-2 4.5496868E-3 1.84911449E-4 5.22222471
2.33527517 2.49649286E-2 4.32967255E-3 1.90866558E-4 5.4528861
2.38521004 2.49699354E-2 4.30147909E-3 1.96419234E-4 5.68860292
2.43515992 2.49800682E-2 4.15882049E-3 1.95033863E-4 5.92937994
2.48512506 2.4985075E-2 4.3457658E-3 2.00278664E-4 6.1752224
2.53509521 2.49849558E-2 3.91889084E-3 1.94357155E-4 6.42608309
2.58507013 2.49899626E-2 4.52520605E-3 2.10624436E-4 6.68196249
2.63505507 2.49950886E-2 4.01292974E-3 2.01500152E-4 6.94289064
2.68504 2.49899626E-2 4.11275681E-3 2.06197336E-4 7.20881605
2.73502493 2.49949694E-2 4.03013825E-3 2.08719197E-4 7.47973728
2.78751993 2.75000334E-2 3.60705075E-3 1.94871594E-4 7.7695117
2.84001493 2.49949694E-2 3.82432574E-3 2.12225801E-4 8.06506062
2.89250994 2.75000334E-2 3.70100839E-3 2.02927913E-4 8.36585808
2.95001006 2.99999714E-2 3.59784672E-3 1.92963911E-4 8.7016592
3.010005 2.99949646E-2 3.40030203E-3 1.89572631E-4 9.0592308
3.07249999 3.25000286E-2 3.46260215E-3 1.86767604E-4 9.4392004
3.14249992 3.75000238E-2 3.02554178E-3 1.66891259E-4 9.87390041
3.2249999 4.49999571E-2 3.03232623E-3 1.5645774E-4 10.3986006
3.31750011 4.75000143E-2 3.2211272E-3 1.61548349E-4 11.0035496
3.40999985 4.49999571E-2 3.21320584E-3 1.68225117E-4 11.6260748
3.50500011 5.00000715E-2 3.14421509E-3 1.63101126E-4 12.2825251
3.61000013 5.49999475E-2 2.7911705E-3 1.51889806E-4 13.0290747
3.71749997 5.25000095E-2 2.78261816E-3 1.57367147E-4 13.81705
3.82749987 5.75000048E-2 2.68208631E-3 1.53152534E-4 14.64645
3.94250011 5.75000048E-2 2.69500026E-3 1.56994618E-4 15.54
4.06500006 6.50000572E-2 2.43709143E-3 1.45971353E-4 16.5200005
4.19999981 6.99999332E-2 2.61955615E-3 1.48130683E-4 17.6351013
4.34000015 6.99999332E-2 2.564664E-3 1.52807494E-4 18.8306999
4.48750019 7.75001049E-2 2.69087614E-3 1.52913635E-4 20.131649
4.64750004 8.24999809E-2 2.31798133E-3 1.43555604E-4 21.5924511
4.81500006 8.50000381E-2 2.44434504E-3 1.54936235E-4 23.177
4.98999977 8.99999142E-2 2.4872357E-3 1.54576395E-4 24.8920002
5.19499969 0.11500001 2.06852658E-3 1.32056462E-4 26.9748001
5.44000006 0.130000114 1.99581753E-3 1.30359433E-4 29.5767002
5.71500015 0.144999981 2.07855133E-3 1.32092944E-4 32.6402016
6.02750015 0.167500019 1.97676523E-3 1.28025582E-4 36.3027
6.41499996 0.220000029 1.73582509E-3 1.18757853E-4 41.1038284
6.92000008 0.284999847 1.67795282E-3 1.168378E-4 47.8051758
7.62249994 0.417500019 1.64509472E-3 1.20974059E-4 57.9281998
8.75749969 0.71750021 1.63433736E-3 1.4019043E-4 76.1790009
9.60750008 0.132499695 9.71314439E-4 4.53351851E-4 92.286499
NO NO NO NO NO
0.330118477 2.62124985E-2 6.2813703E-4 1.63545701E-5 0.108291127
0.382358998 2.60280073E-2 7.78907444E-4 1.82815329E-5 0.14552094
0.434222519 2.58354992E-2 1.02292688E-3 2.2061884E-5 0.187881708
0.485698521 2.56405026E-2 1.18631835E-3 2.52125301E-5 0.2352456
0.536787033 2.54479945E-2 1.24495069E-3 2.78310108E-5 0.287492692
0.587496996 2.52619982E-2 1.29522278E-3 2.97918068E-5 0.344514549
0.63784647 2.50875056E-2 1.42930285E-3 3.19595492E-5 0.406218767
0.687858999 2.49249935E-2 1.50149141E-3 3.35766927E-5 0.472528756
0.737563014 2.47789919E-2 1.6225602E-3 3.61936909E-5 0.543385148
0.786991 2.4649024E-2 1.63429871E-3 3.8149894E-5 0.618747234
0.836176991 2.45369971E-2 1.77533273E-3 4.10744724E-5 0.698589921
0.885156989 2.44429708E-2 1.74025714E-3 4.20036704E-5 0.782905459
0.933967948 2.43680179E-2 1.79380365E-3 4.41395387E-5 0.871702373
0.982648015 2.43120193E-2 1.72772433E-3 4.51004162E-5 0.965006053
1.03122497 2.42649913E-2 1.70134322E-3 4.59543844E-5 1.06283629
1.07973504 2.42449641E-2 1.57472421E-3 4.55762965E-5 1.16523981
1.12820995 2.42300034E-2 1.54657499E-3 4.64858203E-5 1.27227056
1.17667508 2.42350698E-2 1.49599405E-3 4.70035047E-5 1.38397682
1.22516012 2.42499709E-2 1.41290657E-3 4.6626632E-5 1.50042915
1.27367997 2.42699385E-2 1.40649721E-3 4.78703732E-5 1.62167168
1.3222549 2.43050456E-2 1.35928451E-3 4.90372586E-5 1.74776745
1.37089992 2.43399739E-2 1.33121095E-3 4.97045803E-5 1.87877429
1.41962004 2.43800282E-2 1.27122609E-3 5.02665389E-5 2.0147264
1.46843004 2.44299769E-2 1.21783942E-3 5.19371679E-5 2.15568972
1.51733994 2.44799852E-2 1.15703302E-3 5.298631E-5 2.30172133
1.56634498 2.45250463E-2 1.33156253E-3 5.80296546E-5 2.45283508
1.61544502 2.4574995E-2 1.2087163E-3 5.82500688E-5 2.60905862
1.66463995 2.46199965E-2 1.15600578E-3 6.04315064E-5 2.77042031
1.713925 2.46649981E-2 1.18013506E-3 6.22010775E-5 2.93693066
1.76329494 2.47049928E-2 1.1902866E-3 6.33085656E-5 3.10859895
1.81274998 2.47499943E-2 1.02773926E-3 6.14165037E-5 3.28544998
1.86723995 2.97399759E-2 1.0815541E-3 5.98996121E-5 3.48570061
1.93174005 3.47600579E-2 1.07376464E-3 5.77302126E-5 3.73041105
1.99882007 3.23200226E-2 1.11642445E-3 6.27138506E-5 3.99423718
2.06598997 3.48500013E-2 1.14606624E-3 6.32794327E-5 4.26710033
2.13821507 3.73749733E-2 1.08223641E-3 6.33071832E-5 4.57056665
2.22048998 4.48999405E-2 1.06416852E-3 6.36941986E-5 4.92855978
2.32280493 5.74150085E-2 1.01735396E-3 6.51005757E-5 5.39212608
2.4426651 6.24450445E-2 9.83206439E-4 6.53942261E-5 5.96271276
2.58008003 7.49700069E-2 9.19279235E-4 6.20782084E-5 6.65119267
2.73503494 7.99850225E-2 9.75511444E-4 6.23668966E-5 7.47401905
2.90251493 8.74949694E-2 9.48567817E-4 6.26590991E-5 8.41693783
3.07000494 7.99950361E-2 1.00186805E-3 7.18441079E-5 9.41853142
3.24749994 9.74999666E-2 9.08694463E-4 6.71062226E-5 10.5367508
3.45249987 0.107499957 9.15198645E-4 6.75741758E-5 11.9082003
3.68499994 0.125 9.76748182E-4 6.75498013E-5 13.5635996
3.96749997 0.157500029 7.70254177E-4 6.07812799E-5 15.7162495
4.29250002 0.167500019 8.77035141E-4 6.56251214E-5 18.397501
4.65750027 0.19749999 8.63452151E-4 6.63206883E-5 21.6532993
5.07250023 0.217499971 9.16131772E-4 7.29995882E-5 25.6829491
5.54500008 0.255000114 8.95201927E-4 7.51410989E-5 30.6820011
6.07250023 0.2724998 1.03628787E-3 8.80831794E-5 36.8009987
6.75249958 0.407500029 8.75691418E-4 8.42548761E-5 45.4301987
7.8375001 0.677500248 7.35777081E-4 1.00603647E-4 60.9673996
9.14750004 0.632499695 8.00791779E-4 2.06404933E-4 83.2767029
